10
209
125
156
145
44
250
122
180
210
33
139
87
226
175
152
190
63
187
65
239
199
154
235
173
138
220
152
93
159
115
92
239
111
248
255
156
241
120
207
66
153
89
153
250
136
176
183
70
107
119
52
49
145
159
222
26
122
245
247
152
231
83
5
86
74
3
242
187
251
63
253
18
24
20
11
160
197
65
230
47
56
154
96
201
56
189
227
49
177
218
73
151
172
206
108
246
81
221
47
75
28
43
94
52
64
233
212
4
170
56
179
226
210
18
41
137
207
11
58
255
100
2
20
15
208
129
133
160
93
180
236
249
224
201
44
159
177
256
34
90
184
213
187
137
102
228
146
180
111
204
49
82
206
197
98
28
69
102
189
34
25
39
154
120
240
199
150
31
69
184
250
253
11
180
134
241
23
151
164
134
98
213
216
175
154
185
74
94
30
6
256
184
173
154
175
27
224
197
59
36
124
52
33
7
103
38
248
126
189
27
131
158
111
219
76
8
147
150
231
49
28
101
104
72
126
150
100
93
90
30
130
86
82
34
93
56
200
212
54
3
239
185
161
94
147
108
230
166
129
75
86
28
177
61
101
46
211
72
11
45
102
141
2
55
46
95
239
246
178
36
249
161
222
24
126
240
132
99
20
132
46
106
161
223
167
133
140
250
205
151
166
178
163
168
104
80
134
86
69
55
251
189
87
87
84
213
70
87
184
219
220
230
196
252
67
235
128
78
228
204
101
137
253
135
48
228
216
182
185
156
108
179
217
196
9
44
152
208
3
207
170
223
51
109
89
246
87
88
68
58
163
40
66
159
175
242
1
134
167
186
162
147
109
122
86
246
37
109
197
40
60
110
134
239
220
223
229
178
54
168
108
217
208
174
247
126
160
248
132
198
178
37
88
158
159
45
147
196
155
88
237
86
69
114
68
160
209
40
82
134
79
61
95
30
235
213
28
9
76
160
79
254
68
38
26
227
84
173
37
239
132
145
68
202
131
136
233
83
48
58
217
255
119
183
29
226
11
185
106
87
88
185
212
27
224
238
254
179
25
162
161
158
51
100
231
53
107
207
136
26
137
224
25
127
22
182
96
161
110
74
248
69
2
203
96
97
55
221
19
80
126
180
238
48
151
83
101
2
34
237
28
42
76
53
169
226
235
137
130
88
211
121
157
213
195
253
182
250
88
201
201
215
253
54
6
147
137
108
149
171
216
178
84
163
102
254
132
81
134
5
40
88
254
69
172
63
193
97
184
25
170
129
240
166
183
117
184
191
225
77
234
56
126
61
219
99
58
95
51
192
228
92
151
97
161
67
160
225
35
216
250
205
216
104
114
142
222
42
76
61
247
181
117
244
243
80
86
44
175
138
108
17
101
2
114
5
197
146
101
233
233
95
181
192
199
167
205
35
209
152
97
70
77
214
57
63
37
14
107
83
152
215
229
253
89
86
129
29
103
231
5
79
197
187
14
10
97
90
46
177
243
143
118
63
228
175
126
137
189
104
220
213
63
63
80
23
150
210
52
124
55
58
75
252
116
89
5
84
180
179
132
37
65
250
100
165
39
226
45
99
73
136
55
7
200
136
30
221
217
211
88
15
140
163
138
256
124
143
211
175
66
86
212
2
79
183
167
118
152
83
88
96
220
15
232
34
151
133
255
239
87
214
254
227
249
135
97
244
149
51
162
86
137
245
89
87
171
127
76
194
82
165
161
173
180
136
207
202
141
76
184
99
33
52
70
153
58
38
140
78
90
173
165
98
161
125
186
203
123
133
11
205
41
173
121
92
180
199
37
64
18
92
164
180
144
105
76
73
143
88
152
104
4
60
74
37
56
131
111
179
7
123
128
177
39
120
12
90
63
178
155
209
13
62
132
29
38
80
102
52
168
125
157
43
185
102
208
112
233
63
35
111
57
34
31
224
154
172
57
217
93
212
170
106
145
173
135
183
253
109
107
35
234
135
207
34
237
158
146
84
221
181
195
21
215
98
245
113
13
174
201
106
129
242
212
146
159
219
200
26
71
50
190
48
185
140
82
36
41
229
120
134
153
59
26
240
28
143
96
41
60
168
147
60
154
230
206
184
192
150
81
6
71
14
55
0
25
137
36
195
237
28
72
134
87
226
117
243
112
84
27
43
123
174
104
148
147
53
75
83
74
28
89
146
170
15
17
196
24
181
134
4
209
77
138
167
46
126
153
30
81
180
73
205
225
177
96
116
102
43
70
47
71
30
193
112
174
81
51
198
6
56
202
215
4
84
126
51
81
22
81
34
74
25
239
42
74
206
29
176
120
99
94
191
1
31
175
175
240
226
116
246
154
61
